5344 1270 460
18307 0.940402
2592 0.470004
10944 0.950155
18666 0.45
16203 0.213625
6561 0.529398
2187 0.533824
81 0.633025
4698 0.878976
18309 0.507501
10938 0.525081
12159 0.568951
4644 0.545
16043 0.405
17589 0.329148
6618 0.505
13854 0.5095
18261 0.6355
8754 0.696707
17613 0.405
16083 0.40095
15397 0.477054
11016 0.645987
16121 0.946382
17535 0.45
12153 0.489459
6750 0.478683
11101 0.529965
15390 0.571673
13932 0.512744
18354 0.24154
11343 0.58145
15312 0.458159
16227 0.156905
16506 0.167787
10936 0.578741
13852 0.937398
12322 0.32805
15741 0.223235
15507 0.405
17176 0.45
15501 0.295245
4809 0.500675
15499 0.512598
6696 0.869161
12151 0.975574
11127 0.539006
13878 0.901787
12231 0.595
6724 0.498334
16045 0.558506
13315 0.704755
17587 0.42805
7452 0.453468
18556 0.55
8910 0.517715
11829 0.482032
12348 0.141215
11109 0.885616
12316 0.193711
11313 0.939352
13204 0.498503
13150 0.489207
13915 0.934827
15445 0.603739
12177 0.543951
16071 0.494889
12288 0.55
18237 0.55
16049 0.45
17834 0.3645
12264 0.55
17019 0.424074
18549 0.67195
17102 0.295245
11031 0.55
17056 0.295245
18338 0.67195
14673 0.141215
16450 0.500349
13230 0.463873
15405 0.623254
15687 0.510993
16476 0.26572
15423 0.493405
16125 0.176806
18570 0.521115
18328 0.0675427
15409 0.221994
14049 0.3645
15483 0.295245
12214 0.45
14043 0.405
14017 0.911073
15475 0.323312
11133 0.227093
11679 0.405
11835 0.1453
15581 0.405
16201 0.509364
16209 0.295245
16443 0.193355
17938 0.45
16264 0.21934
16857 0.545482
16258 0.195862
16222 0.215233
12069 0.127093
11367 0.45
4458 0.506341
16180 0.555474
17940 0.405
8967 0.3645
11125 0.265234
18532 0.595
14023 0.73428
17842 0.0688309
17581 0.19371
15481 0.606547
15514 0.515965
12342 0.502227
2352 0.428853
18634 0.825661
16059 0.405
16137 0.0864856
16057 0.3645
17106 0.526329
17208 0.141214
8943 0.48972
18364 0.55
17184 0.32805
11049 0.595
11614 0.704755
17932 0.3645
16242 0.215234
16500 0.405
15453 0.595
17605 0.3645
17821 0.295245
17024 0.295245
17626 0.0750472
16192 0.45
17767 0.45
14671 0.156905
16173 0.55
11913 0.45
17878 0.268673
16248 0.19371
15401 0.595
17886 0.174339
17884 0.45
17607 0.26572
16422 0.50193
15435 0.32805
17091 0.704755
17823 0.33133
18606 0.542047
18554 0.6355
15419 0.67195
17829 0.45
17182 0.539749
17618 0.45
15635 0.704755
16038 0.489744
15318 0.510007
11664 0.545404
11341 0.32805
11107 0.32805
18255 0.595
18642 0.45
15310 0.509978
8802 0.55
18640 0.45
9207 0.784766
15715 0.518064
11001 0.595
8889 0.55
4620 0.5045
15772 0.506079
16283 0.45
16287 0.501952
15552 0.533779
8973 0.32805
17769 0.45
17780 0.405
18482 0.3645
