5337 460 1267
10998 0.295245
4782 0.478678
15309 0.464698
18572 0.114384
15480 0.476126
13149 0.407222
4617 0.412157
13258 0.49439
18567 0.141215
15498 0.605849
2349 0.53515
16255 0.575586
18423 0.4455
13884 0.325197
17526 0.5905
4377 0.446222
17883 0.405
17532 0.50355
15444 0.0413056
12213 0.195647
14040 0.26572
18263 0.45
17753 0.760852
11163 0.239148
17689 0.3645
18391 0.239148
13203 0.443914
18327 0.552628
16867 0.257082
15408 0.121445
13858 0.26572
10950 0.27213
17875 0.502617
18363 0.32805
17911 0.312048
13851 0.377481
6615 0.364016
13123 0.379024
16207 0.119223
10935 0.349964
17766 0.495
12321 0.760852
16939 0.405
15513 0.471485
6723 0.534396
14670 0.555996
18226 0.26572
11106 0.179957
14592 0.295245
12150 0.290685
18356 0.00392758
16044 0.494205
17877 0.557351
15606 0.494499
16139 0.215233
8808 0.302171
16040 0.354644
16215 0.521958
18335 0.239148
14016 0.440263
11100 0.355172
11124 0.476494
17109 0.32805
12339 0.239148
17578 0.267801
16056 0.812441
16863 0.476522
13921 0.215233
18252 0.340245
16099 0.497344
17508 0.32805
17500 0.32805
8916 0.215233
18247 0.295245
11232 0.405
17831 0.239148
17591 0.229805
4455 0.279685
17820 0.077281
15396 0.471916
15392 0.0313707
16848 0.0349675
17586 0.103074
18306 0.207832
13938 0.114384
13986 0.297636
13934 0.19371
13180 0.45
13312 0.295245
17937 0.595
17615 0.405
16221 0.960117
18241 0.19371
12157 0.215233
11340 0.27471
8964 0.3645
16200 0.576915
17181 0.606717
11826 0.633369
16233 0.3645
16219 0.174339
17580 0.632131
4968 0.300386
17890 0.26572
18311 0.107945
11098 0.541521
18397 0.295245
14077 0.194359
11395 0.25043
18399 0.32805
17697 0.295245
10990 0.45
18417 0.45
14014 0.114384
7458 0.174339
17905 0.25177
18741 0.45
12313 0.215233
14071 0.273234
15487 0.487603
12315 0.542162
18688 0.0358949
18694 0.32805
17695 0.236757
15366 0.45
17021 0.872907
6702 0.127094
11559 0.45
11022 0.120379
11070 0.120057
11611 0.32805
12183 0.45
15554 0.482284
18283 0.45
4704 0.279648
18633 0.311335
18631 0.3645
15459 0.112041
15535 0.405
11397 0.26572
15769 0.436616
18652 0.0290749
11502 0.45
15463 0.405
17827 0.405
12237 0.45
18361 0.118649
18538 0.45
18289 0.207144
15529 0.45
11613 0.431364
18696 0.295245
15505 0.37805
11422 0.45
18819 0.239148
18468 0.4905
18793 0.0750472
17599 0.991648
17545 0.45
17929 0.4455
18603 0.116885
16770 0.45
15474 0.917177
13906 0.28843
14590 0.283659
17841 0.0066514
17506 0.26572
14677 0.53645
18325 0.0750472
17839 0.295245
17635 0.215234
18610 0.45
17805 0.45
11670 0.55
16179 0.210385
11319 0.236757
16941 0.495
17609 0.0103311
18313 0.0750474
13260 0.295245
17604 0.26572
18850 0.405
14664 0.344063
17825 0.264339
18795 0.193711
17625 0.405
15437 0.405
17093 0.239148
18555 0.3645
17097 0.15283
15693 0.49844
18608 0.141214
18824 0.000998339
18574 0.45
17835 0.45
15714 0.483968
13314 0.482355
15517 0.295245
14022 0.45927
17803 0.405
18551 0.3645
17643 0.45
18639 0.55
15472 0.465049
6780 0.624131
16449 0.528521
16245 0.405
17913 0.3645
9213 0.405
17173 0.441921
18715 0.405
18678 0.45
17010 0.531379
15372 0.495
18257 0.410815
15320 0.495
16776 0.469366
15324 0.467117
15316 0.498408
15364 0.495
18228 0.495323
17641 0.45
18273 0.45
11448 0.499118
10992 0.495
18239 0.45
17619 0.45
